lng,lat,count,max_lng,min_lng,max_lat,min_lat,cluster
127.93156072627178,36.97908415958862,126,127.941882820678,127.92375989527099,36.9897240645804,36.9690191424975,0
129.00284492073268,35.11785938504373,777,129.05042363633999,128.96281544619,35.211118911887,35.054734276067,1
126.9937567567787,37.57250122022657,1608,127.05331895949301,126.91693457468,37.6418563386764,37.5282517235606,2
127.52052307838593,34.952776285325,259,127.585623905392,127.483578326259,34.9853459011239,34.9266290610498,3
128.6124498427872,35.87527188752451,467,128.653134012231,128.564303595598,35.943885053495,35.8195142434001,4
126.91123768579494,36.28210852279805,42,126.91432315175301,126.907963470403,36.2841452558418,36.27822832329021,5
129.41038387560167,37.02652269950072,55,129.42125404873002,129.39900698530099,37.0605943952844,36.990783366029504,6
126.40985612716781,34.79213011871409,181,126.462564770807,126.261564940429,34.8142935920918,34.4826184445363,7
128.57471199038002,38.2067629096821,205,128.625151679223,128.45288606006,38.448629494464704,38.072568575489505,8
129.36041969407248,36.027157746588635,194,129.40949938637698,129.327597503857,36.086222322280705,35.959312261307396,9
127.11439239922343,36.80090266981391,310,127.160107576954,126.998696421406,36.8337201653552,36.7703853243353,10
127.73697386072202,37.88224992206943,234,127.759327064738,127.702214017167,38.1058258630576,37.847515151872294,11
126.84161679239327,35.205043226444,369,126.98613573998301,126.76923019769899,35.31986026401329,35.1373241355651,12
126.68125275696683,37.452996456274924,574,126.740899712593,126.48820798528,37.5466376847138,37.3409088793045,13
126.50862780633496,33.49582649634969,132,126.54411808535,126.476501688029,33.5164199554527,33.482124293331196,14
129.32849873575353,35.540829950479115,483,129.430895134862,129.238641055069,35.6315783096286,35.431700563872205,15
127.3899128083509,36.34036688865937,585,127.566330855406,127.311277530658,36.435693500614704,36.1026206870715,16
128.5882280863629,35.20974427075906,132,128.664348668076,128.557160999454,35.258290140433104,35.151109763257,17
128.71820836746272,36.564740371180704,137,128.734953560577,128.69888800576598,36.5685448841686,36.5590101829502,18
128.99071919578662,37.171773945885846,75,128.993959069437,128.983500620553,37.1782222188677,37.1665136300564,19
127.12470568704816,37.32937404497584,466,127.208815922056,127.09303887531999,37.41373811437229,37.2342845552639,20
127.13179812853693,35.82962464597829,426,127.176535107087,127.070381448556,35.912812206696,35.7863255004,21
128.16121677927563,36.41589740638685,34,128.166585744632,128.156071237671,36.4187087812179,36.4116107144676,22
128.87318777193974,37.799566291479394,187,128.902477288516,128.824432261624,37.89606543768971,37.750603734326404,23
128.61803146865586,37.492250829958884,67,128.666539760052,128.554740798181,37.6402751621674,37.3781031722295,24
126.75216903883201,37.65092600222376,485,126.83940094704599,126.65395209849,37.719430361393705,37.5923625750486,25
127.95272245535058,37.36602754188726,310,127.9894625894,127.924543738115,37.495496772855795,37.3145135972876,26
127.19018711595452,37.900396570893626,221,127.32005076358999,127.052271776385,38.0283855739924,37.8249319897983,27
127.44488159445199,37.27988746101474,89,127.449119560186,127.438053833043,37.2828410944927,37.2765950374773,28
126.63007506875248,36.893766749888975,63,126.635795031112,126.625733694594,36.897603742684296,36.888898581384,29
128.57301579387868,36.81531223138492,96,128.629001568997,128.45070808431,36.8741979577054,36.6547437071591,30
127.44918285850859,36.62750809007966,382,127.507036394302,127.289575937634,36.7175261461476,36.5957648886183,31
128.0891388648012,35.118487347004894,113,128.124046028407,128.060529828797,35.19720540771729,34.926052748996895,32
127.22479971225808,34.57632517292591,94,127.28879015645201,127.134124851082,34.6113496510885,34.5266360878479,33
126.80703397167953,35.76236702382468,112,126.89230863591601,126.729483443655,35.80248163080721,35.723331103617504,34
126.40766048517689,36.77155633511618,127,126.467684339162,126.29802428422501,36.7852035278619,36.7452760903542,35
127.02596836126403,37.5016759327459,1238,127.060441518269,126.96400335242399,37.534849953473795,37.4609210605569,36
128.11359137842203,36.12388230396401,105,128.128217065107,128.1049413289,36.12673821384129,36.118392869625204,37
129.38732001166255,36.47501515968228,53,129.40941656994102,129.365583585651,36.54120035008379,36.4112673416951,38
128.40496059554545,34.88230957714253,112,128.432178243489,128.321289180879,34.9767040489149,34.8404381122637,39
127.72124285763687,34.7642885907383,188,127.89617245918899,127.633519762562,34.8428959103097,34.7305110824661,40
126.7058733324686,35.975938001307036,205,126.721187568088,126.685252904373,36.078870999668105,35.943809201660294,41
126.88715233167505,37.07655192725544,131,126.93237520835501,126.81484888679199,37.1357303834629,36.9854225983624,42
128.5104481885684,35.50465752959686,42,128.52991883269698,128.49324312509899,35.5427627567677,35.454783984299105,43
127.21401866758195,37.59911880121265,306,127.31523055589199,127.136026311948,37.6597727216735,37.536519609359004,44
126.90732743628661,37.51289948699665,1166,126.963912777217,126.838470162827,37.5834723792241,37.4454317543944,45
128.03486154186726,38.09567434768257,65,128.1753501582,127.98660395573499,38.107944463095,38.0649729430361,46
128.3540062495777,36.12257927334772,369,128.431585199121,128.283578379467,36.2431004240507,35.9163040554269,47
126.8009126197911,35.524573472293795,153,126.860021008324,126.69253820333999,35.584353378459,35.431816500134204,48
127.48112833548905,36.93068520518612,115,127.599965383069,127.439237875573,36.995752130606,36.8530094553989,49
128.2121780642297,37.1401634397197,31,128.214824082622,128.208974973058,37.143264452162704,37.134710186191796,50
127.23241070051948,38.19769993748255,112,127.311690481174,127.213038345928,38.2111964124896,38.1435955334874,51
129.10038763315276,35.41556771676082,144,129.17530981898,129.007176180669,35.5666676076336,35.3273065251709,52
126.6068704804825,34.54662097440288,104,126.750671144013,126.263469533205,34.573970677563096,34.3158574938467,53
127.1419304128295,36.98539710648232,194,127.272824432194,127.07893853318899,37.0102543996888,36.916033146235,54
128.02743365537827,35.62639850782933,121,128.272037399956,127.725957245124,35.732441249107,35.4139566509681,55
128.45322872667768,37.22397530882744,106,128.474738896697,128.392809065004,37.3707602112658,37.1811864019684,56
127.17888242806661,36.390328192691726,75,127.24468046749399,127.122193595468,36.474366034472105,36.2877180864386,57
127.07680629507543,37.71578961641579,217,127.184159638712,127.039864627873,37.7534847519538,37.6392653998386,58
126.75998226498052,37.496090388289055,507,126.81462648841699,126.71819476658999,37.5634611918385,37.4387953513696,59
126.80157768189841,36.45026176562071,34,126.80512526508998,126.798603155499,36.453105634620705,36.4474434478608,60
129.09714454154422,35.17513238785261,1266,129.21760142077102,129.008248128904,35.248737821019795,35.1147599472902,61
127.2894442399697,35.372473692902446,94,127.398989467728,127.139513699318,35.4186971149291,35.2793916001426,62
129.12801453660293,37.50634802725199,96,129.16780880116698,129.105511342703,37.5519137043452,37.4397863953759,63
127.03234916086396,37.25904481873435,863,127.080645038771,126.96900104252899,37.3033775088169,37.1993589007416,64
128.8815010087114,35.23209555113517,102,128.908442767819,128.809558016168,35.263396663515,35.099965972168306,65
128.6752883949983,35.2518017352885,201,128.737106412847,128.620479525711,35.3131456382418,35.151487635373,66
127.71930026311233,36.48345837235437,26,127.721839373783,127.716095189948,36.4860089140281,36.4813920906765,67
126.79749892531177,37.8118646914616,176,126.87692685841101,126.765599324806,37.86054402332989,37.749653472340896,68
127.75424863037169,36.14126337530591,45,127.781928808123,127.66124370077,36.1780506631232,36.0065225352362,69
126.56980958436884,35.09392419801427,98,126.723288400711,126.47367237783399,35.2780063372831,34.9857702524058,70
126.76475519738871,34.738099522984605,79,126.91074866368,126.69560618152201,34.8011543887449,34.6363688707144,71
126.53816662675446,37.72130497600691,56,126.601699121459,126.479942744699,37.7492065229844,37.6890556240641,72
126.95022275383353,37.39388594236899,265,126.994294673368,126.901025245378,37.4439504154957,37.3568218159806,73
126.82788419062514,36.71739377589194,98,126.85251787573999,126.77076632631399,36.8104171123169,36.6760442471818,74
126.56717303367743,33.250522894858925,63,126.577568290183,126.55840871222601,33.256822693688505,33.2456831062817,75
126.96737158923584,35.95443517246424,169,126.990469315621,126.941815613288,35.964469786693705,35.9383196726277,76
129.2209544778751,35.909029881073494,152,129.232347426469,129.192586756295,36.00292908517989,35.8418304218165,77
127.88506244539374,37.69103006495122,50,127.893449686348,127.87776155658001,37.694028990290796,37.6875316407245,78
127.46673907922657,37.78230949762785,49,127.51522731357299,127.41885567304199,37.831161789080795,37.737007420735004,79
127.0744791169116,36.16310893540082,111,127.10037323888001,127.010015400354,36.2089721453802,36.127512597644206,80
128.64311054723558,34.88826918768632,124,128.699053818151,128.618143681283,34.8953336727839,34.882854051062104,81
127.5240254369365,37.487836976531774,78,127.59758878026699,127.48789608629299,37.491760925365206,37.4815371344567,82
128.73951288334274,36.88988634063045,30,128.742296442006,128.735127184397,36.8913712062691,36.8881011691196,83
129.5557849882068,35.99177335692518,22,129.557606531448,129.554382575678,35.9932347637282,35.9900947818283,84
128.36540568562225,36.98071357012235,40,128.371083349523,128.355739946086,36.986124256252,36.9757976039401,85
126.80482933124709,37.30652983553556,289,126.867949149497,126.72076629406901,37.3548159586391,37.2071691621244,86
127.65821320764566,36.83967773803609,75,127.79571487319099,127.5766243873,36.9386213940223,36.7801700207334,87
127.27553557176347,37.397113154108645,100,127.346413661632,127.251297208978,37.4167574981714,37.3486593007764,88
127.72624433432848,35.01110714814433,66,127.752253430141,127.687131474879,35.0723690059997,34.929672496919,89
128.2618129024011,35.31896779985308,38,128.264262895154,128.258906356524,35.3205410686083,35.316929380572205,90
127.63388353305506,37.226537064185884,84,127.639528206379,127.62796246737,37.3003531447243,37.1159813672948,91
128.53482478834255,35.86022841947857,224,128.56822694744,128.488188232037,35.9457222111625,35.8068285535682,92
126.91685543141983,35.140808190342064,289,126.99232862707399,126.853629617981,35.1872166421065,35.058068938717696,93
127.09172652110486,37.518723218329676,725,127.149500322957,127.05072661485501,37.581723927631394,37.4297355975881,94
128.78122438290447,35.838025515916186,257,128.939076832967,128.68793381382,35.966171028461,35.639791966215704,95
129.11514238193084,36.66368585503123,26,129.117457547017,129.11320788031298,36.6659947575274,36.661276108674706,96
127.06064417225313,37.09611946113643,91,127.076170410982,127.04959202263001,37.1527591426287,37.055324641742004,97
126.59697283316035,36.349506394572416,53,126.606819750318,126.589107617906,36.353641419643104,36.3437743191734,98
